5.810437443133271984e-02
1.200559649988592464e-01
1.298598218377029767e-01
1.350349153793672374e-01
1.118648983863929913e-01
8.628527817772313480e-02
1.139064782846158502e-01
1.823532318219387716e-01
9.555374646386216586e-02
5.938624563780952464e-02
7.707123633555491848e-02
1.260676264511224332e-01
1.206038598505570353e-01
1.086302798675343045e-01
9.983643578357323523e-02
3.210843257689747349e-02
1.353035769830239488e-01
6.890162225628294890e-02
1.429757925112344896e-01
1.222770371202051287e-01
1.366413399288110286e-01
9.888132631411856999e-02
5.216085613509392760e-02
1.339619515187957799e-01
1.251771921275872668e-01
1.230577625182413537e-01
7.182839539442235910e-02
1.067845965127155183e-01
1.378595450798950628e-01
9.445753212061448745e-02
